PACKETS: 1
FIRST: 1105136766.549023
LAST: 1105136766.549023
DURATION: 0.000000
PACKETS: 1
FIRST: 1105136766.549023
LAST: 1105136766.549023
DURATION: 0.000000
PACKETS: 1
FIRST: 1105136766.549023
LAST: 1105136766.549023
DURATION: 0.000000
