PACKETS: 2
FIRST: 1105102605.095006
LAST: 1105102605.104874
DURATION: 0.009868
