1105136766.549023 80:0b:98:3b:b9:ec c4:52:09:32:ee:e8 0x0800
1105136766.549023 Ethernet-truncated
ETH: 1 0
NON-IP: 0
IP: 1 0
SRC: 1
DST: 1
TRANSPORT: 1 0 0
1105136766.549023 80:0b:98:3b:b9:ec c4:52:09:32:ee:e8 0x0800
