PACKETS: 10000
FIRST: 1103235477.505470
LAST: 1103235939.221377
DURATION: 461.715907
