PACKETS: 100
FIRST: 1105102605.095006
LAST: 1105102606.630197
DURATION: 1.535191
